5.0 5.0 5.0 0.0 0.0 0.0
5.0 5.0 5.0 0.0 0.0 0.0
5.0 5.0 5.0 0.0 0.0 0.0
5.0 5.0 5.0 0.0 0.0 0.0
5.0 5.0 5.0 0.0 0.0 0.0
5.0 5.0 5.0 0.0 0.0 0.0
5.0 5.0 5.0 0.0 0.0 0.0
5.0 5.0 5.0 0.0 0.0 0.0
5.0 5.0 5.0 0.0 0.0 0.0
5.0 5.0 5.0 0.0 0.0 0.0
5.0 5.0 5.0 0.0 0.0 0.0
5.0 5.0 5.0 0.0 0.0 0.0
5.0 5.0 5.0 0.0 0.0 0.0
5.0 5.0 5.0 0.0 0.0 0.0
5.0 5.0 5.0 0.0 0.0 0.0
5.0 5.0 5.0 0.0 0.0 0.0
5.0 5.0 5.0 0.0 0.0 0.0
5.0 5.0 5.0 0.0 0.0 0.0
5.0 5.0 5.0 0.0 0.0 0.0
5.0 5.0 5.0 0.0 0.0 0.0
5.0 5.0 5.0 0.0 0.0 0.0
5.0 5.0 5.0 0.0 0.0 0.0
5.0 5.0 5.0 0.0 0.0 0.0
5.0 5.0 5.0 0.0 0.0 0.0
5.0 5.0 5.0 0.0 0.0 0.0
5.0 5.0 5.0 0.0 0.0 0.0
5.0 5.0 5.0 0.0 0.0 0.0
5.0 5.0 5.0 0.0 0.0 0.0
5.0 5.0 5.0 0.0 0.0 0.0
5.0 5.0 5.0 0.0 0.0 0.0
5.0 5.0 5.0 0.0 0.0 0.0
5.0 5.0 5.0 0.0 0.0 0.0
5.0 5.0 5.0 0.0 0.0 0.0
5.0 5.0 5.0 0.0 0.0 0.0
5.0 5.0 5.0 0.0 0.0 0.0
5.0 5.0 5.0 0.0 0.0 0.0
5.0 5.0 5.0 0.0 0.0 0.0
5.0 5.0 5.0 0.0 0.0 0.0
5.0 5.0 5.0 0.0 0.0 0.0
5.0 5.0 5.0 0.0 0.0 0.0
5.0 5.0 5.0 0.0 0.0 0.0
5.0 5.0 5.0 0.0 0.0 0.0
5.0 5.0 5.0 0.0 0.0 0.0
5.0 5.0 5.0 0.0 0.0 0.0
5.0 5.0 5.0 0.0 0.0 0.0
5.0 5.0 5.0 0.0 0.0 0.0
5.0 5.0 5.0 0.0 0.0 0.0
5.0 5.0 5.0 0.0 0.0 0.0
5.0 5.0 5.0 0.0 0.0 0.0
5.0 5.0 5.0 0.0 0.0 0.0
5.0 5.0 5.0 0.0 0.0 0.0
5.0 5.0 5.0 0.0 0.0 0.0
5.0 5.0 5.0 0.0 0.0 0.0
5.0 5.0 5.0 0.0 0.0 0.0
5.0 5.0 5.0 0.0 0.0 0.0
5.0 5.0 5.0 0.0 0.0 0.0
5.0 5.0 5.0 0.0 0.0 0.0
5.0 5.0 5.0 0.0 0.0 0.0
5.0 5.0 5.0 0.0 0.0 0.0
5.0 5.0 5.0 0.0 0.0 0.0
5.0 5.0 5.0 0.0 0.0 0.0
5.0 5.0 5.0 0.0 0.0 0.0
5.0 5.0 5.0 0.0 0.0 0.0
5.8318400382995605 5.0 5.0 0.0 0.0 0.0
5.870620250701904 5.0 5.0 0.0 0.0 0.0
5.983460426330566 5.0 5.022568225860596 0.0 0.0 0.0
6.403040409088135 5.0 5.106484413146973 0.0 0.0 0.0
6.647160530090332 5.0 5.155308246612549 0.0 0.0 0.0
7.0739006996154785 5.0 5.24065637588501 0.0 0.0 0.0
7.312980651855469 5.0 5.2884721755981445 0.0 0.0 0.0
7.66364049911499 5.0 5.3586039543151855 0.0 0.0 0.0
7.995880603790283 5.0 5.425052165985107 0.0 0.0 0.0
8.315420150756836 5.0 5.488960266113281 0.0 0.0 0.0
8.74038028717041 5.0 5.5739521980285645 0.0 0.0 0.0
8.979300498962402 5.0 5.6217360496521 0.0 0.0 0.0
9.313800811767578 5.0 5.68863582611084 0.0 0.0 0.0
9.644061088562012 5.0 5.754687786102295 0.0 0.0 0.0
9.993081092834473 5.0 5.82449197769165 0.0 0.0 0.0
10.329681396484375 5.0 5.891811847686768 0.0 0.0 0.0
10.738821029663086 5.0 5.973639965057373 0.0 0.0 0.0
10.975741386413574 5.0 6.021023750305176 0.0 0.0 0.0
11.313880920410156 5.0 6.088651657104492 0.0 0.0 0.0
11.74373722076416 5.024251461029053 6.174759864807129 3.2290499210357666 0.0 0.0
11.976872444152832 5.044583320617676 6.221563816070557 4.9842000007629395 0.0 0.0
12.411837577819824 5.199957847595215 6.311087131500244 8.341650009155273 -0.800000011920929 0.0
12.625532150268555 5.284419059753418 6.355208396911621 10.020299911499023 -1.600000023841858 0.0
12.96491813659668 5.434932708740234 6.353193759918213 12.726300239562988 -2.4000000953674316 0.0
13.253206253051758 5.577252388000488 6.350574016571045 15.072450637817383 -3.200000047683716 0.0
13.560696601867676 5.746410846710205 6.346764087677002 17.631750106811523 -4.0 0.0
13.847047805786133 5.92021369934082 6.342218399047852 20.075550079345703 -4.800000190734863 0.0
14.124324798583984 6.104966640472412 6.336793899536133 22.50659942626953 -5.599999904632568 0.0
14.416046142578125 6.319193363189697 6.329926490783691 25.14569854736328 -6.400000095367432 0.0
14.679614067077637 6.530728340148926 6.322596549987793 27.611549377441406 -7.199999809265137 0.0
14.937104225158691 6.756369113922119 6.314248085021973 30.109498977661133 -8.0 0.0
15.188474655151367 6.9969635009765625 6.304826736450195 32.64809799194336 -8.800000190734863 0.0
15.417841911315918 7.235687255859375 6.294968128204346 35.064598083496094 -9.600000381469727 0.0
15.650030136108398 7.499795436859131 6.283556938171387 37.630496978759766 -10.399999618530273 0.0
15.860724449157715 7.760993480682373 6.271763801574707 40.08029556274414 -11.199999809265137 0.0
16.066734313964844 8.040531158447266 6.258635997772217 42.614845275878906 -12.0 0.0
16.257522583007812 8.324223518371582 6.244797229766846 45.110843658447266 -12.800000190734863 0.0
16.476490020751953 8.690498352050781 6.226424694061279 48.22064208984375 -13.600000381469727 0.0
16.60193634033203 8.917208671569824 6.214536666870117 50.116493225097656 -14.399999618530273 0.0
16.748186111450195 9.208868980407715 6.198727130889893 52.50044250488281 -15.199999809265137 0.0
16.88973617553711 9.524593353271484 6.181056499481201 55.027793884277344 -16.0 0.0
17.015729904174805 9.841239929199219 6.162754058837891 57.51779556274414 -16.799999237060547 0.0
17.13309669494629 10.179600715637207 6.142590045928955 60.13394546508789 -17.600000381469727 0.0
17.230499267578125 10.504472732543945 6.12260103225708 62.61299514770508 -18.399999618530273 0.0
17.351119995117188 10.9080171585083 6.09647798538208 62.61299514770508 -19.200000762939453 0.0
17.423410415649414 11.1491060256958 6.080211162567139 62.61299514770508 -20.0 0.0
17.544946670532227 11.5531005859375 6.051849365234375 62.61299514770508 -20.0 0.0
17.62199592590332 11.809223175048828 6.033868789672852 62.61299514770508 -20.0 0.0
17.740962982177734 12.204681396484375 6.006106376647949 62.61299514770508 -20.0 0.0
17.817047119140625 12.457589149475098 5.988351345062256 62.61299514770508 -20.0 0.0
17.91404151916504 12.780008316040039 5.965716361999512 62.61299514770508 -20.0 0.0
18.014577865600586 13.114197731018066 5.942255020141602 62.61299514770508 -20.0 0.0
18.10422134399414 13.412179946899414 5.921335697174072 62.61299514770508 -20.0 0.0
18.202301025390625 13.738204956054688 5.898447513580322 62.61299514770508 -20.0 0.0
18.326528549194336 14.151144027709961 5.869457721710205 62.61299514770508 -20.0 0.0
18.395090103149414 14.379049301147461 5.853457927703857 62.61299514770508 -20.0 0.0
18.525882720947266 14.813813209533691 5.822936058044434 62.61299514770508 -20.0 0.0
18.594215393066406 15.040959358215332 5.806989669799805 62.61299514770508 -20.0 0.0
18.697277069091797 15.383548736572266 5.7829389572143555 62.61299514770508 -20.0 0.0
18.79146957397461 15.696653366088867 5.760958194732666 62.61299514770508 -20.0 0.0
18.911773681640625 16.096555709838867 5.732883930206299 62.61299514770508 -20.0 0.0
19.007349014282227 16.41425895690918 5.710580348968506 62.61299514770508 -20.0 0.0
19.086885452270508 16.678646087646484 5.692019462585449 62.61299514770508 -20.0 0.0
19.184354782104492 17.00264549255371 5.669273853302002 62.61299514770508 -20.0 0.0
19.27650260925293 17.308950424194336 5.647770404815674 62.61299514770508 -20.0 0.0
19.402328491210938 17.727209091186523 5.618407249450684 62.61299514770508 -20.0 0.0
19.4747257232666 17.967859268188477 5.601512908935547 62.61299514770508 -20.0 0.0
19.600387573242188 18.38557243347168 5.572187900543213 62.61299514770508 -20.0 0.0
19.673351287841797 18.62811279296875 5.555160999298096 62.61299514770508 -20.0 0.0
19.77678680419922 19.05326271057129 5.526038646697998 65.80604553222656 -20.0 0.0
19.823009490966797 19.27117156982422 5.5111403465271 67.43954467773438 -20.0 0.0
19.859638214111328 19.643495559692383 5.554105758666992 70.13534545898438 -20.0 0.0
19.878047943115234 19.96533203125 5.5911688804626465 72.4607925415039 -20.0 0.0
19.882404327392578 20.32530975341797 5.632525444030762 75.0556411743164 -20.0 0.0
19.863901138305664 20.762292861938477 5.682686805725098 78.20294189453125 -20.0 0.0
19.84539031982422 21.009328842163086 5.711214542388916 79.99288940429688 -20.0 0.0
19.78850555419922 21.44770050048828 5.761906623840332 83.17349243164062 -20.0 0.0
19.744760513305664 21.712112426757812 5.792756080627441 85.10909271240234 -20.0 0.0
19.678064346313477 22.03312873840332 5.830447673797607 87.47399139404297 -20.0 0.0
19.592605590820312 22.369983673095703 5.870381832122803 89.9795913696289 -20.0 0.0
19.45961570739746 22.794395446777344 5.921382427215576 93.1795425415039 -20.0 0.0
19.37296485900879 23.041065216064453 5.951480865478516 95.06803894042969 -20.0 0.0
19.3065128326416 23.371925354003906 6.015082836151123 97.59358978271484 -19.200000762939453 0.0
19.23942756652832 23.71055030822754 6.0804643630981445 97.59358978271484 -18.399999618530273 0.0
19.163129806518555 24.101093292236328 6.156185626983643 97.59358978271484 -17.600000381469727 0.0
19.114086151123047 24.355724334716797 6.205751895904541 97.59358978271484 -16.799999237060547 0.0
19.05196762084961 24.682945251464844 6.269687175750732 97.59358978271484 -16.0 0.0
18.991361618041992 25.00693702697754 6.333216190338135 97.59358978271484 -15.199999809265137 0.0
18.92952537536621 25.34250831604004 6.399234771728516 97.59358978271484 -14.399999618530273 0.0
18.870420455932617 25.668193817138672 6.463508605957031 97.59358978271484 -13.600000381469727 0.0
18.798656463623047 26.069833755493164 6.543002605438232 97.59358978271484 -12.800000190734863 0.0
18.740798950195312 26.398813247680664 6.608292102813721 97.59358978271484 -12.0 0.0
18.68379783630371 26.72818946838379 6.673823833465576 97.59358978271484 -11.199999809265137 0.0
18.643550872802734 26.9646053314209 6.720968246459961 97.59358978271484 -10.399999618530273 0.0
18.585758209228516 27.309816360473633 6.789952278137207 97.59358978271484 -9.600000381469727 0.0
18.531105041503906 27.64188575744629 6.856436252593994 97.59358978271484 -8.800000190734863 0.0
18.465877532958984 28.045143127441406 6.937309265136719 97.59358978271484 -8.0 0.0
18.42560577392578 28.298564910888672 6.988208770751953 97.59358978271484 -7.199999809265137 0.0
18.37468719482422 28.62481689453125 7.053821086883545 97.59358978271484 -6.400000095367432 0.0
18.32391357421875 28.956172943115234 7.120532989501953 97.59358978271484 -5.599999904632568 0.0
18.274282455444336 29.286209106445312 7.187038898468018 97.59358978271484 -4.800000190734863 0.0
18.225059509277344 29.619831085205078 7.254314422607422 97.59358978271484 -4.0 0.0
18.16702651977539 30.02090072631836 7.335232257843018 97.59358978271484 -3.200000047683716 0.0
18.130550384521484 30.27805519104004 7.3871307373046875 97.59358978271484 -2.4000000953674316 0.0
18.08499526977539 30.605789184570312 7.453280925750732 97.59358978271484 -1.600000023841858 0.0
18.040285110473633 30.934160232543945 7.519554615020752 97.59358978271484 -0.800000011920929 0.0
17.9100284576416 31.262012481689453 7.587095260620117 100.16323852539062 -1.600000023841858 0.0
17.771047592163086 31.5700626373291 7.650837421417236 102.62443542480469 -2.4000000953674316 0.0
17.616201400756836 31.882539749145508 7.6479973793029785 105.16768646240234 -3.200000047683716 0.0
17.453378677368164 32.178462982177734 7.64432954788208 107.63158416748047 -4.0 0.0
17.277212142944336 32.46837615966797 7.639726161956787 110.10628509521484 -4.800000190734863 0.0
17.0854434967041 32.75497817993164 7.634113311767578 112.62163543701172 -5.599999904632568 0.0
16.89534568786621 33.01534652709961 7.62799072265625 114.97453308105469 -6.400000095367432 0.0
16.667945861816406 33.29864501953125 7.620116710662842 117.62353515625 -7.199999809265137 0.0
16.444082260131836 33.55416488647461 7.611832141876221 120.10228729248047 -8.0 0.0
16.20685386657715 33.8023567199707 7.602534770965576 122.60743713378906 -8.800000190734863 0.0
15.897345542907715 34.09349822998047 7.589909076690674 125.70223999023438 -9.600000381469727 0.0
15.702719688415527 34.26462173461914 7.581481456756592 127.59734344482422 -10.399999618530273 0.0
15.366802215576172 34.52979278564453 7.566474437713623 130.7147979736328 -11.199999809265137 0.0
15.160150527954102 34.68205261230469 7.55674934387207 132.59234619140625 -12.0 0.0
14.80571460723877 34.915531158447266 7.539602279663086 135.68504333496094 -12.800000190734863 0.0
14.596324920654297 35.044105529785156 7.52897834777832 137.48324584960938 -13.600000381469727 0.0
14.279075622558594 35.219783782958984 7.512380123138428 140.1302947998047 -14.399999618530273 0.0
13.970986366271973 35.37334442138672 7.495707035064697 142.64443969726562 -15.199999809265137 0.0
13.57899284362793 35.5433235168457 7.4739274978637695 145.75949096679688 -16.0 0.0
13.33268928527832 35.640323638916016 7.459685802459717 147.69703674316406 -16.799999237060547 0.0
13.005362510681152 35.75324249267578 7.440185546875 150.22708129882812 -17.600000381469727 0.0
12.68043327331543 35.85009002685547 7.420202732086182 152.70538330078125 -18.399999618530273 0.0
12.358391761779785 35.93165588378906 7.39975643157959 155.1344757080078 -19.200000762939453 0.0
12.034936904907227 35.999488830566406 7.378559112548828 157.55157470703125 -20.0 0.0
11.598219871520996 36.06636047363281 7.349156379699707 160.77537536621094 -20.0 0.0
11.325044631958008 36.098167419433594 7.330784320831299 162.7897186279297 -20.0 0.0
10.995753288269043 36.12259292602539 7.308753967285156 165.20516967773438 -20.0 0.0
10.56930923461914 36.13121032714844 7.28035831451416 168.31857299804688 -20.0 0.0
10.318058967590332 36.12798309326172 7.263563632965088 170.15997314453125 -20.0 0.0
9.955757141113281 36.10673904418945 7.239367961883545 172.8128662109375 -20.0 0.0
9.619871139526367 36.072425842285156 7.2168450355529785 175.28231811523438 -20.0 0.0
9.281993865966797 36.0229606628418 7.19406795501709 177.7796630859375 -20.0 0.0
8.877789497375488 35.94206237792969 7.166615962982178 180.78956604003906 -20.0 0.0
8.546080589294434 35.86035919189453 7.143829345703125 183.2879638671875 -20.0 0.0
8.298120498657227 35.79884719848633 7.126654624938965 183.2879638671875 -20.0 0.0
7.978087425231934 35.719459533691406 7.104487419128418 183.2879638671875 -20.0 0.0
7.576736927032471 35.61989974975586 7.076687812805176 183.2879638671875 -20.0 0.0
7.316530704498291 35.555355072021484 7.058664798736572 183.2879638671875 -20.0 0.0
6.98525857925415 35.47317886352539 7.035719394683838 183.2879638671875 -20.0 0.0
6.654460430145264 35.39112091064453 7.0128068923950195 183.2879638671875 -20.0 0.0
6.323050022125244 35.30891036987305 6.989851951599121 183.2879638671875 -20.0 0.0
5.990261077880859 35.202919006347656 7.030292987823486 183.2879638671875 -20.0 0.0
5.666207313537598 35.09971237182617 7.069672584533691 183.2879638671875 -20.0 0.0
5.339084148406982 34.99552917480469 7.109425067901611 183.2879638671875 -20.0 0.0
4.938580513000488 34.86797332763672 7.15809440612793 183.2879638671875 -20.0 0.0
4.68784761428833 34.788124084472656 7.188563823699951 183.2879638671875 -20.0 0.0
4.3576555252075195 34.68296432495117 7.228688716888428 183.2879638671875 -20.0 0.0
4.036724090576172 34.64326477050781 7.289635181427002 183.2879638671875 -19.200000762939453 0.0
3.6945557594299316 34.60185623168945 7.35491418838501 183.2879638671875 -18.399999618530273 0.0
3.36875057220459 34.56330108642578 7.417344570159912 183.2879638671875 -17.600000381469727 0.0
3.0644876956939697 34.52811813354492 7.475890159606934 183.2879638671875 -16.799999237060547 0.0
2.620572328567505 34.47798156738281 7.561646461486816 183.2879638671875 -16.0 0.0
2.380434989929199 34.451515197753906 7.608210563659668 183.2879638671875 -15.199999809265137 0.0
1.9591190814971924 34.406227111816406 7.690195083618164 183.2879638671875 -14.399999618530273 0.0
1.6288995742797852 34.37163162231445 7.754667282104492 183.2879638671875 -13.600000381469727 0.0
1.371920108795166 34.34541320800781 7.804996490478516 183.2879638671875 -12.800000190734863 0.0
0.9622182846069336 34.30474090576172 7.885470867156982 183.2879638671875 -12.0 0.0
0.7250806093215942 34.281856536865234 7.932176113128662 183.2879638671875 -11.199999809265137 0.0
0.38168174028396606 34.249664306640625 7.999979496002197 183.2879638671875 -10.399999618530273 0.0
-0.032957278192043304 34.211944580078125 8.082037925720215 183.2879638671875 -9.600000381469727 0.0
-0.3759467601776123 34.18169403076172 8.150059700012207 183.2879638671875 -8.800000190734863 0.0
-0.6059983968734741 34.162044525146484 8.195770263671875 183.2879638671875 -8.0 0.0
-0.9539023041725159 34.133296966552734 8.265015602111816 183.2879638671875 -7.199999809265137 0.0
-1.2739834785461426 34.10773849487305 8.328819274902344 183.2879638671875 -6.400000095367432 0.0
-1.6971499919891357 34.07513427734375 8.41328239440918 183.2879638671875 -5.599999904632568 0.0
-1.947635531425476 34.05653381347656 8.463334083557129 183.2879638671875 -4.800000190734863 0.0
-2.2822747230529785 34.03261947631836 8.53026294708252 183.2879638671875 -4.0 0.0
-2.6118595600128174 34.00999069213867 8.596227645874023 183.2879638671875 -3.200000047683716 0.0
-2.9473047256469727 33.98789978027344 8.663400650024414 183.2879638671875 -2.4000000953674316 0.0
-3.2798893451690674 33.9669303894043 8.730022430419922 183.2879638671875 -1.600000023841858 0.0
-3.6167995929718018 33.94662857055664 8.79751968383789 183.2879638671875 -0.800000011920929 0.0
-3.950376033782959 33.92653274536133 8.864349365234375 183.2879638671875 -0.800000011920929 0.0
-4.2784423828125 33.906768798828125 8.930074691772461 183.2879638671875 -0.800000011920929 0.0
-4.593252658843994 33.88780212402344 8.993144989013672 183.2879638671875 -0.800000011920929 0.0
-4.944896697998047 33.866615295410156 9.063593864440918 183.2879638671875 -0.800000011920929 0.0
-5.352339267730713 33.84206771850586 9.145221710205078 183.2879638671875 -0.800000011920929 0.0
-5.611649990081787 33.82644271850586 9.197172164916992 183.2879638671875 -0.800000011920929 0.0
-5.939796447753906 33.806671142578125 9.262913703918457 183.2879638671875 -0.800000011920929 0.0
-6.3526291847229 33.78179931640625 9.345622062683105 183.2879638671875 -0.800000011920929 0.0
-6.611780166625977 33.76618576049805 9.397541046142578 183.2879638671875 -0.800000011920929 0.0
-7.015409469604492 33.74186325073242 9.478404998779297 183.2879638671875 -0.800000011920929 0.0
-7.350821495056152 33.652587890625 9.545425415039062 183.2879638671875 -1.600000023841858 0.0
-7.583929061889648 33.58988952636719 9.591327667236328 183.2879638671875 -2.4000000953674316 0.0
-7.926987648010254 33.49666976928711 9.65787410736084 183.2879638671875 -3.200000047683716 0.0
-8.239834785461426 33.41529083251953 9.654335021972656 183.2879638671875 -4.0 0.0
-8.662785530090332 33.30535125732422 9.648356437683105 183.2879638671875 -4.800000190734863 0.0
-8.913701057434082 33.24018096923828 9.6441011428833 183.2879638671875 -5.599999904632568 0.0
-9.243141174316406 33.154701232910156 9.63758659362793 183.2879638671875 -6.400000095367432 0.0
-9.574995040893555 33.06869888305664 9.630090713500977 183.2879638671875 -7.199999809265137 0.0
-9.884154319763184 32.98868179321289 9.622239112854004 183.2879638671875 -8.0 0.0
-10.230036735534668 32.8992919921875 9.6124849319458 183.2879638671875 -8.800000190734863 0.0
-10.550106048583984 32.81670379638672 9.60256290435791 183.2879638671875 -9.600000381469727 0.0
-10.884318351745605 32.730621337890625 9.591269493103027 183.2879638671875 -10.399999618530273 0.0
-11.216012954711914 32.645355224609375 9.579136848449707 183.2879638671875 -11.199999809265137 0.0
-11.545546531677246 32.560821533203125 9.566167831420898 183.2879638671875 -12.0 0.0
-11.950567245483398 32.4571533203125 9.54910659790039 183.2879638671875 -12.800000190734863 0.0
-12.205631256103516 32.392024993896484 9.537657737731934 183.2879638671875 -13.600000381469727 0.0
-12.532258033752441 32.308837890625 9.52209758758545 183.2879638671875 -14.399999618530273 0.0
-12.860754013061523 32.22540283203125 9.505547523498535 183.2879638671875 -15.199999809265137 0.0
-13.192915916442871 32.14128112792969 9.487905502319336 183.2879638671875 -16.0 0.0
-13.511724472045898 32.06078338623047 9.470105171203613 183.2879638671875 -16.799999237060547 0.0
-13.858311653137207 31.973554611206055 9.449813842773438 183.2879638671875 -17.600000381469727 0.0
-14.175411224365234 31.894014358520508 9.43039321899414 183.2879638671875 -18.399999618530273 0.0
-14.503369331359863 31.812042236328125 9.40942668914795 183.2879638671875 -19.200000762939453 0.0
-14.918014526367188 31.679584503173828 9.46092700958252 183.2879638671875 -20.0 0.0
-15.139552116394043 31.60902976989746 9.487849235534668 183.2879638671875 -20.0 0.0
-15.465179443359375 31.50532341003418 9.527420043945312 183.2879638671875 -20.0 0.0
-15.810795783996582 31.395252227783203 9.569419860839844 183.2879638671875 -20.0 0.0
-16.145355224609375 31.2887020111084 9.610075950622559 183.2879638671875 -20.0 0.0
-16.472909927368164 31.18438148498535 9.649881362915039 183.2879638671875 -20.0 0.0
-16.785947799682617 31.084684371948242 9.687922477722168 183.2879638671875 -20.0 0.0
-17.120092391967773 30.97826385498047 9.728528022766113 183.2879638671875 -20.0 0.0
-17.535724639892578 30.84589195251465 9.779036521911621 183.2879638671875 -20.0 0.0
-17.780397415161133 30.767967224121094 9.808770179748535 183.2879638671875 -20.0 0.0
-18.116531372070312 30.660913467407227 9.849617958068848 183.2879638671875 -20.0 0.0
-18.43360137939453 30.559932708740234 9.88814926147461 183.2879638671875 -20.0 0.0
-18.8499813079834 30.45664405822754 9.859309196472168 183.2879638671875 -20.0 0.0
-19.084095001220703 30.398569107055664 9.843092918395996 183.2879638671875 -20.0 0.0
-19.42245864868164 30.314632415771484 9.819656372070312 183.2879638671875 -20.0 0.0
-19.835678100585938 30.212125778198242 9.791034698486328 183.2879638671875 -20.0 0.0
-20.082632064819336 30.15086555480957 9.773929595947266 183.2879638671875 -20.0 0.0
-20.416866302490234 30.06795310974121 9.750779151916504 183.2879638671875 -20.0 0.0
-20.832693099975586 29.964801788330078 9.721977233886719 183.2879638671875 -20.0 0.0
-21.054641723632812 29.909744262695312 9.70660400390625 183.2879638671875 -20.0 0.0
-21.397192001342773 29.824769973754883 9.682877540588379 183.2879638671875 -20.0 0.0
-21.717838287353516 29.745229721069336 9.66066837310791 183.2879638671875 -20.0 0.0
-22.062522888183594 29.659725189208984 9.636794090270996 183.2879638671875 -20.0 0.0
-22.398021697998047 29.576499938964844 9.613555908203125 183.2879638671875 -20.0 0.0
-22.720760345458984 29.49643898010254 9.591201782226562 183.2879638671875 -20.0 0.0
-23.027185440063477 29.420425415039062 9.569977760314941 183.2879638671875 -20.0 0.0
-23.458280563354492 29.313486099243164 9.540118217468262 183.2879638671875 -20.0 0.0
-23.780427932739258 29.233572006225586 9.517805099487305 183.2879638671875 -20.0 0.0
-24.031944274902344 29.171180725097656 9.500384330749512 183.2879638671875 -20.0 0.0
-24.435842514038086 29.070987701416016 9.472408294677734 183.2879638671875 -20.0 0.0
-24.70029640197754 29.005386352539062 9.45409107208252 183.2879638671875 -20.0 0.0
-25.116283416748047 28.90219497680664 9.425277709960938 183.2879638671875 -20.0 0.0
-25.42987632751465 28.824403762817383 9.403556823730469 183.2879638671875 -20.0 0.0
-25.681272506713867 28.762039184570312 9.386143684387207 183.2879638671875 -20.0 0.0
-26.01546859741211 28.679136276245117 9.362996101379395 183.2879638671875 -20.0 0.0
-26.344093322753906 28.59761619567871 9.34023380279541 183.2879638671875 -20.0 0.0
-26.671157836914062 28.516481399536133 9.317580223083496 183.2879638671875 -20.0 0.0
-26.998756408691406 28.43521499633789 9.294889450073242 183.2879638671875 -20.0 0.0
-27.33137321472168 28.352703094482422 9.2718505859375 183.2879638671875 -20.0 0.0
-27.658161163330078 28.271638870239258 9.249216079711914 183.2879638671875 -20.0 0.0
-27.97517204284668 28.1929988861084 9.227258682250977 183.2879638671875 -20.0 0.0
-28.390941619873047 28.089860916137695 9.198460578918457 183.2879638671875 -20.0 0.0
-28.631298065185547 28.030237197875977 9.181812286376953 183.2879638671875 -20.0 0.0
-28.980266571044922 27.943668365478516 9.157641410827637 183.2879638671875 -20.0 0.0
-29.381122589111328 27.84423065185547 9.129876136779785 183.2879638671875 -20.0 0.0
-29.617666244506836 27.785552978515625 9.113492012023926 183.2879638671875 -20.0 0.0
-29.963336944580078 27.699804306030273 9.08954906463623 183.2879638671875 -20.0 0.0
-30.292654037475586 27.618112564086914 9.066739082336426 183.2879638671875 -20.0 0.0
-30.61029624938965 27.539316177368164 9.044737815856934 183.2879638671875 -20.0 0.0
-30.95059585571289 27.454898834228516 9.021166801452637 183.2879638671875 -20.0 0.0
-31.27961540222168 27.373279571533203 8.998376846313477 183.2879638671875 -20.0 0.0
-31.60818862915039 27.41569709777832 9.020648956298828 183.2879638671875 -19.200000762939453 0.0
-31.94658851623535 27.459693908691406 9.042703628540039 183.2879638671875 -18.399999618530273 0.0
-32.264156341552734 27.501262664794922 9.062567710876465 183.2879638671875 -17.600000381469727 0.0
-32.69938278198242 27.55860137939453 9.088644981384277 183.2879638671875 -16.799999237060547 0.0
-32.96263885498047 27.59349822998047 9.103721618652344 183.2879638671875 -16.0 0.0
-33.37464904785156 27.6484317779541 9.12622356414795 183.2879638671875 -15.199999809265137 0.0
-33.63041687011719 27.682722091674805 9.139510154724121 183.2879638671875 -14.399999618530273 0.0
-33.9659423828125 27.72793960571289 9.156042098999023 183.2879638671875 -13.600000381469727 0.0
-34.384281158447266 27.784595489501953 9.175530433654785 183.2879638671875 -12.800000190734863 0.0
-34.63775634765625 27.819082260131836 9.18665599822998 183.2879638671875 -12.0 0.0
-34.98200225830078 27.866121292114258 9.200834274291992 183.2879638671875 -11.199999809265137 0.0
-35.312767028808594 27.911500930786133 9.213561058044434 183.2879638671875 -10.399999618530273 0.0
-35.7300910949707 27.968971252441406 9.228484153747559 183.2879638671875 -9.600000381469727 0.0
-35.99214172363281 28.00518226623535 9.237140655517578 183.2879638671875 -8.800000190734863 0.0
-36.319889068603516 28.050615310668945 9.247072219848633 183.2879638671875 -8.0 0.0
-36.742576599121094 28.109378814697266 9.258724212646484 183.2879638671875 -7.199999809265137 0.0
-37.00147247314453 28.145465850830078 9.265151023864746 183.2879638671875 -6.400000095367432 0.0
-37.336551666259766 28.192279815673828 9.27254867553711 183.2879638671875 -5.599999904632568 0.0
-37.67741012573242 28.239999771118164 9.279136657714844 183.2879638671875 -4.800000190734863 0.0
-38.00873947143555 28.286466598510742 9.284627914428711 183.2879638671875 -4.0 0.0
-38.42477798461914 28.344900131225586 9.290375709533691 183.2879638671875 -3.200000047683716 0.0
-38.67868423461914 28.380605697631836 9.293183326721191 183.2879638671875 -2.4000000953674316 0.0
-39.02141571044922 28.428848266601562 9.296026229858398 183.2879638671875 -1.600000023841858 0.0
-39.34043884277344 28.473783493041992 9.29779052734375 183.2879638671875 -0.800000011920929 0.0
-39.76593780517578 28.533742904663086 9.298967361450195 183.2879638671875 1.5543122344752192e-15 0.0
-40.10857009887695 28.58203125 9.298967361450195 183.2879638671875 0.800000011920929 0.0
-40.436561584472656 28.62824821472168 9.298060417175293 183.2879638671875 1.600000023841858 0.0
-40.78533172607422 28.6773738861084 9.29613208770752 183.2879638671875 2.4000000953674316 0.0
-41.11475372314453 28.723743438720703 9.293399810791016 183.2879638671875 3.200000047683716 0.0
-41.378395080566406 28.760818481445312 9.290485382080078 183.2879638671875 4.0 0.0
-41.71199035644531 28.80767250061035 9.285876274108887 183.2879638671875 4.800000190734863 0.0
-42.12654495239258 28.865812301635742 9.279006004333496 183.2879638671875 5.599999904632568 0.0
-42.35661315917969 28.898021697998047 9.274559020996094 183.2879638671875 6.400000095367432 0.0
-42.78834533691406 28.958337783813477 9.265027046203613 183.2879638671875 7.199999809265137 0.0
-43.0443115234375 28.994014739990234 9.258672714233398 183.2879638671875 8.0 0.0
-43.38660430908203 29.041601181030273 9.249237060546875 183.2879638671875 8.800000190734863 0.0
-43.74245834350586 29.090930938720703 9.23845386505127 183.2879638671875 9.600000381469727 0.0
-44.14327621459961 29.146318435668945 9.225213050842285 183.2879638671875 10.399999618530273 0.0
-44.481101989746094 29.192840576171875 9.213132858276367 183.2879638671875 11.199999809265137 0.0
-44.81368637084961 29.23847007751465 9.200335502624512 183.2879638671875 12.0 0.0
-45.062828063964844 29.27251434326172 9.19007396697998 183.2879638671875 12.800000190734863 0.0
-45.39530944824219 29.317750930786133 9.175480842590332 183.2879638671875 13.600000381469727 0.0
-45.735050201416016 29.36376190185547 9.159653663635254 183.2879638671875 14.399999618530273 0.0
-46.16120910644531 29.421194076538086 9.138656616210938 183.2879638671875 15.199999809265137 0.0
-46.41318130493164 29.454975128173828 9.125567436218262 183.2879638671875 16.0 0.0
-46.73937225341797 29.49846649169922 9.107752799987793 183.2879638671875 16.799999237060547 0.0
-47.089691162109375 29.544902801513672 9.087689399719238 183.2879638671875 17.600000381469727 0.0
-47.413387298583984 29.587549209594727 9.068294525146484 183.2879638671875 18.399999618530273 0.0
-47.75180435180664 29.631847381591797 9.047125816345215 183.2879638671875 19.200000762939453 0.0
-48.10504150390625 29.67777442932129 9.024104118347168 183.2879638671875 20.0 0.0
-48.42691421508789 29.719327926635742 9.002285957336426 183.2879638671875 20.0 0.0
-48.85390090942383 29.774450302124023 8.973342895507812 183.2879638671875 20.0 0.0
-49.10041046142578 29.806272506713867 8.956633567810059 183.2879638671875 20.0 0.0
-49.5361328125 29.86252212524414 8.927098274230957 183.2879638671875 20.0 0.0
-49.771484375 29.89290428161621 8.911145210266113 183.2879638671875 20.0 0.0
-50.12447738647461 29.938472747802734 8.88721752166748 183.2879638671875 20.0 0.0
-50.441871643066406 29.979446411132812 8.865702629089355 183.2879638671875 20.0 0.0
-50.78610610961914 30.02388572692871 8.842369079589844 183.2879638671875 20.0 0.0
-51.12981414794922 30.068256378173828 8.819070816040039 183.2879638671875 20.0 0.0
-51.46759033203125 30.111862182617188 8.796175003051758 183.2879638671875 20.0 0.0
-51.7823371887207 30.152494430541992 8.774839401245117 183.2879638671875 20.0 0.0
-52.1261100769043 30.19687271118164 8.751537322998047 183.2879638671875 20.0 0.0
-52.44265365600586 30.23773765563965 8.730080604553223 183.2879638671875 20.0 0.0
-52.88719940185547 30.29512596130371 8.699947357177734 183.2879638671875 20.0 0.0
-53.15361022949219 30.329517364501953 8.681888580322266 183.2879638671875 20.0 0.0
-53.48783493041992 30.372665405273438 8.659233093261719 183.2879638671875 20.0 0.0
-53.824764251708984 30.416160583496094 8.636394500732422 183.2879638671875 20.0 0.0
-54.13684844970703 30.456449508666992 8.615240097045898 183.2879638671875 20.0 0.0
-54.5612678527832 30.511240005493164 8.586470603942871 183.2879638671875 20.0 0.0
-54.81641387939453 30.544178009033203 8.569175720214844 183.2879638671875 20.0 0.0
-55.169769287109375 30.58979606628418 8.545223236083984 183.2879638671875 20.0 0.0
-55.49295425415039 30.631519317626953 8.523316383361816 183.2879638671875 20.0 0.0
-55.91320037841797 30.685771942138672 8.494830131530762 183.2879638671875 20.0 0.0
-56.161869049072266 30.71787452697754 8.477973937988281 183.2879638671875 20.0 0.0
-56.511592864990234 30.763023376464844 8.454267501831055 183.2879638671875 20.0 0.0
-56.85166931152344 30.80692481994629 8.431215286254883 183.2879638671875 20.0 0.0
-57.179534912109375 30.84925079345703 8.408990859985352 183.2879638671875 20.0 0.0
-57.50974655151367 30.891878128051758 8.386608123779297 183.2879638671875 20.0 0.0
-57.86362838745117 30.937562942504883 8.36262035369873 183.2879638671875 20.0 0.0
-58.17797088623047 30.9781436920166 8.341312408447266 183.2879638671875 20.0 0.0
-58.52755355834961 31.023273468017578 8.317615509033203 183.2879638671875 20.0 0.0
-58.851524353027344 31.065095901489258 8.295655250549316 183.2879638671875 20.0 0.0
-59.19483184814453 31.10941505432129 8.272384643554688 183.2879638671875 20.0 0.0
-59.60669708251953 31.16258430480957 8.244465827941895 183.2879638671875 20.0 0.0
-59.875572204589844 31.197294235229492 8.226240158081055 183.2879638671875 20.0 0.0
-60.209434509277344 31.240394592285156 8.203609466552734 183.2879638671875 20.0 0.0
-60.53433609008789 31.282339096069336 8.181586265563965 183.2879638671875 20.0 0.0
-60.87229537963867 31.325969696044922 8.15867805480957 183.2879638671875 20.0 0.0
-61.300350189208984 31.381229400634766 8.12966251373291 183.2879638671875 20.0 0.0
-61.56100845336914 31.414878845214844 8.111993789672852 183.2879638671875 20.0 0.0
-61.97190856933594 31.467924118041992 8.08414077758789 183.2879638671875 20.0 0.0
-62.230873107910156 31.501354217529297 8.0665864944458 183.2879638671875 20.0 0.0
-62.53129196166992 31.540136337280273 8.046222686767578 183.2879638671875 20.0 0.0
-62.97880172729492 31.59790802001953 8.015888214111328 183.2879638671875 20.0 0.0
-63.23554992675781 31.648231506347656 8.046182632446289 183.2879638671875 20.0 0.0
-63.654266357421875 31.730302810668945 8.095588684082031 183.2879638671875 20.0 0.0
-63.99321365356445 31.796737670898438 8.13558292388916 183.2879638671875 20.0 0.0
-64.25460815429688 31.847970962524414 8.166424751281738 183.2879638671875 20.0 0.0
-64.5664291381836 31.850555419921875 8.225194931030273 183.2879638671875 19.200000762939453 0.0
-64.90219116210938 31.852455139160156 8.288788795471191 183.2879638671875 18.399999618530273 0.0
-65.25826263427734 31.853527069091797 8.356545448303223 183.2879638671875 17.600000381469727 0.0
-65.59142303466797 31.853647232055664 8.420226097106934 183.2879638671875 16.799999237060547 0.0
-65.92402648925781 31.85287857055664 8.4840726852417 183.2879638671875 16.0 0.0
-66.25799560546875 31.85120964050293 8.548442840576172 183.2879638671875 15.199999809265137 0.0
-66.59178161621094 31.848642349243164 8.61302375793457 183.2879638671875 14.399999618530273 0.0
-66.92469787597656 31.845182418823242 8.6776704788208 183.2879638671875 13.600000381469727 0.0
-67.25154876708984 31.840898513793945 8.74135971069336 183.2879638671875 12.800000190734863 0.0
-67.67632293701172 31.91823959350586 8.804340362548828 183.2879638671875 13.600000381469727 0.0
-68.00952911376953 31.979583740234375 8.852621078491211 183.2879638671875 14.399999618530273 0.0
-68.2709732055664 32.02823257446289 8.889615058898926 183.2879638671875 15.199999809265137 0.0
-68.61119079589844 32.07384490966797 8.871941566467285 183.2879638671875 16.0 0.0
-68.92765045166016 32.11603927612305 8.854658126831055 183.2879638671875 16.799999237060547 0.0
-69.35865783691406 32.17317199707031 8.829973220825195 183.2879638671875 17.600000381469727 0.0
-69.6141128540039 32.20682907104492 8.814667701721191 183.2879638671875 18.399999618530273 0.0
-69.95358276367188 32.25126647949219 8.79343318939209 183.2879638671875 19.200000762939453 0.0
-70.28195190429688 32.29396057128906 8.772031784057617 183.2879638671875 20.0 0.0
-70.7050552368164 32.34858322143555 8.743350982666016 183.2879638671875 20.0 0.0
-71.03839111328125 32.39161682128906 8.720755577087402 183.2879638671875 20.0 0.0
-71.3781509399414 32.43547821044922 8.697725296020508 183.2879638671875 20.0 0.0
-71.61949920654297 32.46663284301758 8.681365966796875 183.2879638671875 20.0 0.0
-71.97291564941406 32.51225662231445 8.65740966796875 183.2879638671875 20.0 0.0
-72.30249786376953 32.554805755615234 8.635068893432617 183.2879638671875 20.0 0.0
-72.60325622558594 32.593631744384766 8.6146821975708 183.2879638671875 20.0 0.0
-72.96268463134766 32.64003372192383 8.590317726135254 183.2879638671875 20.0 0.0
-73.31612396240234 32.68566131591797 8.566359519958496 183.2879638671875 20.0 0.0
-73.63774871826172 32.7271842956543 8.544557571411133 183.2879638671875 20.0 0.0
-74.06570434570312 32.782432556152344 8.515548706054688 183.2879638671875 20.0 0.0
-74.3276138305664 32.816246032714844 8.497795104980469 183.2879638671875 20.0 0.0
-74.6645278930664 32.859737396240234 8.474957466125488 183.2879638671875 20.0 0.0
-75.00000762939453 32.903045654296875 8.452217102050781 183.2879638671875 20.0 0.0
-75.33031463623047 32.9456901550293 8.429826736450195 183.2879638671875 20.0 0.0
-75.66094970703125 32.988372802734375 8.407414436340332 183.2879638671875 20.0 0.0
-76.07376861572266 33.041664123535156 8.37943172454834 183.2879638671875 20.0 0.0
-76.41753387451172 33.08604431152344 8.35612964630127 183.2879638671875 20.0 0.0
-76.66841888427734 33.11843490600586 8.339122772216797 183.2879638671875 20.0 0.0
-77.00030517578125 33.161277770996094 8.316625595092773 183.2879638671875 20.0 0.0
-77.42916107177734 33.21664047241211 8.287555694580078 183.2879638671875 20.0 0.0
-77.69940185546875 33.251529693603516 8.269237518310547 183.2879638671875 20.0 0.0
-78.10200500488281 33.303504943847656 8.241947174072266 183.2879638671875 20.0 0.0
-78.36419677734375 33.33735275268555 8.224174499511719 183.2879638671875 20.0 0.0
-78.68466186523438 33.378719329833984 8.202451705932617 183.2879638671875 20.0 0.0
-79.10742950439453 33.43329620361328 8.173794746398926 183.2879638671875 20.0 0.0
-79.37837982177734 33.4682731628418 8.155427932739258 183.2879638671875 20.0 0.0
-79.78404998779297 33.52064514160156 8.1279296875 183.2879638671875 20.0 0.0
-80.04365539550781 33.554161071777344 8.110332489013672 183.2879638671875 20.0 0.0
-80.45804595947266 33.60765838623047 8.082242965698242 183.2879638671875 20.0 0.0
-80.7162857055664 33.64099884033203 8.064738273620605 183.2879638671875 20.0 0.0
-81.0452880859375 33.6834716796875 8.042437553405762 183.2879638671875 20.0 0.0
-81.38227844238281 33.72697448730469 8.0195951461792 183.2879638671875 20.0 0.0
-81.7056655883789 33.76872253417969 7.997674465179443 183.2879638671875 20.0 0.0
-82.06160736083984 33.814674377441406 7.973546981811523 183.2879638671875 20.0 0.0
-82.39179229736328 33.857303619384766 7.951165199279785 183.2879638671875 20.0 0.0
-82.71588897705078 33.89914321899414 7.929196357727051 183.2879638671875 20.0 0.0
-83.07305908203125 33.94525146484375 7.904985427856445 183.2879638671875 20.0 0.0
-83.40153503417969 33.98765563964844 7.882719993591309 183.2879638671875 20.0 0.0
-83.7214126586914 34.02894973754883 7.861037254333496 183.2879638671875 20.0 0.0
-84.06029510498047 34.07270050048828 7.8380656242370605 183.2879638671875 20.0 0.0
-84.42584228515625 34.11989212036133 7.813286781311035 183.2879638671875 20.0 0.0
-84.8333969116211 34.15127944946289 7.785538196563721 186.33041381835938 20.0 0.0
-85.08750915527344 34.162315368652344 7.768335819244385 188.2165069580078 20.0 0.0
-85.40933990478516 34.162933349609375 7.7465338706970215 190.60690307617188 20.0 0.0
-85.75981903076172 34.147682189941406 7.722752571105957 193.21435546875 20.0 0.0
-86.09168243408203 34.11882400512695 7.700180530548096 195.689208984375 20.0 0.0
-86.43036651611328 34.074195861816406 7.677028656005859 198.2276611328125 20.0 0.0
-86.75822448730469 34.01649475097656 7.6544718742370605 200.70086669921875 20.0 0.0
-87.08938598632812 33.94307327270508 7.631484031677246 203.2213134765625 20.0 0.0
-87.40007781982422 33.86044692993164 7.609705448150635 205.60916137695312 20.0 0.0
-87.72091674804688 33.75998306274414 7.586922645568848 208.10711669921875 20.0 0.0
-88.03545379638672 33.64628982543945 7.564259052276611 210.59201049804688 20.0 0.0
-88.35921478271484 33.51235580444336 7.540507793426514 213.1961669921875 20.0 0.0
-88.66364288330078 33.370582580566406 7.517751216888428 215.69126892089844 20.0 0.0
-89.03361511230469 33.17322540283203 7.489278793334961 218.8130645751953 20.0 0.0
-89.2581558227539 33.043418884277344 7.471735954284668 220.73651123046875 20.0 0.0
-89.53942108154297 32.8642692565918 7.449139595031738 223.2140655517578 20.0 0.0
-89.83332824707031 32.67652130126953 7.425693511962891 223.2140655517578 20.0 0.0
-90.1019058227539 32.50495147705078 7.40426778793335 223.2140655517578 20.0 0.0
-90.45652770996094 32.278419494628906 7.375978469848633 223.2140655517578 20.0 0.0
-90.748291015625 32.092037200927734 7.352703094482422 223.2140655517578 20.0 0.0
-90.96916198730469 31.950946807861328 7.335083484649658 223.2140655517578 20.0 0.0
-91.25643920898438 31.767436981201172 7.312166690826416 223.2140655517578 20.0 0.0
-91.54352569580078 31.584049224853516 7.289265155792236 223.2140655517578 20.0 0.0
-91.8156967163086 31.41019058227539 7.267553806304932 223.2140655517578 20.0 0.0
-92.08688354492188 31.236957550048828 7.245920181274414 223.2140655517578 20.0 0.0
-92.40149688720703 31.035985946655273 7.220822811126709 223.2140655517578 20.0 0.0
-92.68148040771484 30.857131958007812 7.198487758636475 223.2140655517578 20.0 0.0
-92.9720687866211 30.6715087890625 7.175306797027588 223.2140655517578 20.0 0.0
-93.3208236694336 30.4487247467041 7.147485733032227 223.2140655517578 20.0 0.0
-93.5361328125 30.31118392944336 7.130309581756592 223.2140655517578 20.0 0.0
-93.89311981201172 30.08314323425293 7.101831436157227 223.2140655517578 20.0 0.0
-94.17830657958984 29.900970458984375 7.0790815353393555 223.2140655517578 20.0 0.0
-94.40086364746094 29.758806228637695 7.061327934265137 223.2140655517578 20.0 0.0
-94.68793487548828 29.575428009033203 7.038427829742432 223.2140655517578 20.0 0.0
-95.0317153930664 29.35582160949707 7.011003494262695 223.2140655517578 20.0 0.0
-95.32231903076172 29.17018699645996 6.987821578979492 223.2140655517578 20.0 0.0
-95.54216003417969 29.029752731323242 6.9702839851379395 223.2140655517578 20.0 0.0
-95.89547729492188 28.804054260253906 6.942098617553711 223.2140655517578 20.0 0.0
-96.1144790649414 28.66415786743164 6.924628257751465 223.2140655517578 20.0 0.0
-96.38804626464844 28.489402770996094 6.902804851531982 223.2140655517578 20.0 0.0
-96.67176055908203 28.30817222595215 6.8801727294921875 223.2140655517578 20.0 0.0
-96.97510528564453 28.114397048950195 6.855974197387695 223.2140655517578 20.0 0.0
-97.25709533691406 27.934261322021484 6.833478927612305 223.2140655517578 20.0 0.0
-97.53697204589844 27.75547218322754 6.81115198135376 223.2140655517578 20.0 0.0
-97.83309936523438 27.566308975219727 6.787529468536377 223.2140655517578 20.0 0.0
-98.10900115966797 27.373146057128906 6.764705657958984 225.71652221679688 20.0 0.0
-98.43187713623047 27.120582580566406 6.73687744140625 228.76766967773438 20.0 0.0
-98.62824249267578 26.956024169921875 6.719549179077148 230.66757202148438 20.0 0.0
-98.88133239746094 26.7241268157959 6.69628381729126 233.21847534179688 20.0 0.0
-99.11847686767578 26.487062454223633 6.6735615730285645 235.70982360839844 20.0 0.0
-99.33570098876953 26.251035690307617 6.651832580566406 238.09226989746094 20.0 0.0
-99.60514831542969 25.924043655395508 6.623059272766113 241.2470703125 20.0 0.0
-99.7664566040039 25.71376609802246 6.605130672454834 243.2128143310547 20.0 0.0
-99.99870300292969 25.375425338745117 6.577270984649658 246.2674102783203 20.0 0.0
-100.12315368652344 25.18175506591797 6.561710357666016 247.9735107421875 20.0 0.0
-100.34146118164062 24.795272827148438 6.531552314758301 251.2801055908203 20.0 0.0
-100.49564361572266 24.49147605895996 6.508463382720947 253.81166076660156 20.0 0.0
-100.59910583496094 24.270395278930664 6.4919586181640625 255.6212615966797 20.0 0.0
-100.75826263427734 23.8753719329834 6.463036060333252 258.79241943359375 20.0 0.0
-100.8476791381836 23.629289627075195 6.445324897766113 260.73431396484375 20.0 0.0
-100.94893646240234 23.307756423950195 6.422480583190918 263.239013671875 20.0 0.0
-101.04842376708984 22.990402221679688 6.400122165679932 263.239013671875 20.0 0.0
-101.14773559570312 22.67357063293457 6.377800464630127 263.239013671875 20.0 0.0
-101.24793243408203 22.353944778442383 6.355281829833984 263.239013671875 20.0 0.0
-101.37506866455078 21.94837188720703 6.3267083168029785 263.239013671875 20.0 0.0
-101.44902801513672 21.712438583374023 6.310086250305176 263.239013671875 20.0 0.0
-101.55563354492188 21.372364044189453 6.286127090454102 263.239013671875 20.0 0.0
-101.65965270996094 21.04054069519043 6.262749195098877 263.239013671875 20.0 0.0
-101.75999450683594 20.720447540283203 6.240197658538818 263.239013671875 20.0 0.0
-101.85909271240234 20.404315948486328 6.217925071716309 263.239013671875 20.0 0.0
-101.96138000488281 20.07801055908203 6.1949357986450195 263.239013671875 20.0 0.0
-102.06102752685547 19.76011085510254 6.172538757324219 263.239013671875 20.0 0.0
-102.1663589477539 19.424095153808594 6.148865699768066 263.239013671875 20.0 0.0
-102.26068115234375 19.123188018798828 6.127665996551514 263.239013671875 20.0 0.0
-102.36727142333984 18.783153533935547 6.103709697723389 263.239013671875 20.0 0.0
-102.46935272216797 18.457508087158203 6.0807671546936035 263.239013671875 20.0 0.0
-102.56977081298828 18.137182235717773 6.058199405670166 263.239013671875 20.0 0.0
-102.67158508300781 17.812389373779297 6.0353169441223145 263.239013671875 20.0 0.0
-102.7754135131836 17.481189727783203 6.0119829177856445 263.239013671875 20.0 0.0
-102.87652587890625 17.15863037109375 5.9892578125 263.239013671875 20.0 0.0
-102.9710693359375 16.857023239135742 5.968008995056152 263.239013671875 20.0 0.0
-103.07966613769531 16.51059913635254 5.943602561950684 263.239013671875 20.0 0.0
-103.17888641357422 16.194080352783203 5.921302795410156 263.239013671875 20.0 0.0
-103.27706909179688 15.880861282348633 5.899235725402832 263.239013671875 20.0 0.0
-103.37213897705078 15.577585220336914 5.877869129180908 263.239013671875 20.0 0.0
-103.48551940917969 15.215898513793945 5.852387428283691 263.239013671875 20.0 0.0
-103.58698272705078 14.892213821411133 5.829582691192627 263.239013671875 20.0 0.0
-103.68587493896484 14.576742172241211 5.807356834411621 263.239013671875 20.0 0.0
-103.79039001464844 14.243328094482422 5.783866882324219 263.239013671875 20.0 0.0
-103.89131164550781 13.921390533447266 5.761185646057129 263.239013671875 20.0 0.0
-103.99072265625 13.604269027709961 5.7388434410095215 263.239013671875 20.0 0.0
-104.08656311035156 13.298526763916016 5.7173027992248535 263.239013671875 20.0 0.0
-104.19297790527344 12.959053993225098 5.693386077880859 263.239013671875 20.0 0.0
-104.29684448242188 12.62769889831543 5.670041084289551 263.239013671875 20.0 0.0
-104.39879608154297 12.302478790283203 5.647128582000732 263.239013671875 20.0 0.0
-104.50054931640625 11.977880477905273 5.624259948730469 263.239013671875 20.0 0.0
-104.60025787353516 11.659806251525879 5.601850986480713 263.239013671875 20.0 0.0
-104.69940948486328 11.343500137329102 5.579566478729248 263.239013671875 20.0 0.0
-104.8023910522461 11.014999389648438 5.556422710418701 263.239013671875 20.0 0.0
-104.9032211303711 10.693352699279785 5.533761978149414 263.239013671875 20.0 0.0
-105.0003433227539 10.383512496948242 5.511932849884033 263.239013671875 20.0 0.0
-105.1068344116211 10.043807029724121 5.487999439239502 263.239013671875 20.0 0.0
-105.2082748413086 9.720199584960938 5.465200424194336 263.239013671875 20.0 0.0
-105.30885314941406 9.399349212646484 5.442595481872559 263.239013671875 20.0 0.0
-105.41258239746094 9.068459510803223 5.419283390045166 263.239013671875 20.0 0.0
-105.53410339355469 8.754159927368164 5.458302021026611 263.239013671875 20.0 0.0
-105.66114044189453 8.425591468811035 5.499092102050781 263.239013671875 20.0 0.0
-105.77610778808594 8.128239631652832 5.536006927490234 263.239013671875 20.0 0.0
-105.90696716308594 7.789791584014893 5.578023433685303 263.239013671875 20.0 0.0
-106.029296875 7.47341251373291 5.617300033569336 263.239013671875 20.0 0.0
-106.14458465576172 7.175231456756592 5.654317378997803 263.239013671875 20.0 0.0
-106.28132629394531 6.8215508460998535 5.698225021362305 263.239013671875 20.0 0.0
-106.40576171875 6.499722003936768 5.738178253173828 263.239013671875 20.0 0.0
-106.53005981445312 6.178239822387695 5.778088569641113 263.239013671875 20.0 0.0
-106.63990020751953 5.894155502319336 5.813355922698975 263.239013671875 20.0 0.0
-106.7697525024414 5.558307647705078 5.855049133300781 263.239013671875 20.0 0.0
-106.89990997314453 5.221670627593994 5.896841049194336 263.239013671875 20.0 0.0
-107.02324676513672 4.90267276763916 5.936442852020264 263.239013671875 20.0 0.0
-107.14945220947266 4.576260566711426 5.976964950561523 263.239013671875 20.0 0.0
-107.27558898925781 4.250021934509277 6.017465591430664 263.239013671875 20.0 0.0
-107.39827728271484 3.932699680328369 6.056859016418457 263.239013671875 20.0 0.0
-107.51398468017578 3.6334407329559326 6.094010353088379 263.239013671875 20.0 0.0
-107.6156997680664 3.30897855758667 6.071151256561279 263.239013671875 20.0 0.0
-107.72443389892578 2.9621269702911377 6.046714782714844 263.239013671875 20.0 0.0
-107.82544708251953 2.639878511428833 6.024011611938477 263.239013671875 20.0 0.0
-107.92726135253906 2.3150863647460938 6.001129150390625 263.239013671875 20.0 0.0
-108.0267562866211 1.997692584991455 5.9787678718566895 263.239013671875 20.0 0.0
-108.12760162353516 1.6760072708129883 5.956104278564453 263.239013671875 20.0 0.0
-108.23004913330078 1.3491954803466797 5.933079719543457 263.239013671875 20.0 0.0
-108.33113098144531 1.0267529487609863 5.910362720489502 263.239013671875 20.0 0.0
-108.43486022949219 0.6958632469177246 5.887050628662109 263.239013671875 20.0 0.0
-108.52864837646484 0.39668387174606323 5.865972518920898 263.239013671875 20.0 0.0
-108.62983703613281 0.07387229800224304 5.8432297706604 263.239013671875 20.0 0.0
-108.73664855957031 -0.2668624520301819 5.819223880767822 263.239013671875 20.0 0.0
-108.83719635009766 -0.5876157283782959 5.796626091003418 263.239013671875 20.0 0.0
-108.93944549560547 -0.9137866497039795 5.773646354675293 263.239013671875 20.0 0.0
-109.03881072998047 -1.2307727336883545 5.75131368637085 263.239013671875 20.0 0.0
-109.14482879638672 -1.5689637660980225 5.727487087249756 263.239013671875 20.0 0.0
-109.2382583618164 -1.866997480392456 5.706489562988281 263.239013671875 20.0 0.0
-109.3454360961914 -2.208897352218628 5.682401657104492 263.239013671875 20.0 0.0
-109.46743774414062 -2.5244288444519043 5.7215728759765625 263.239013671875 20.0 0.0
-109.59671020507812 -2.8587749004364014 5.76308012008667 263.239013671875 20.0 0.0
-109.71846008300781 -3.173651695251465 5.802170276641846 263.239013671875 20.0 0.0
-109.84117126464844 -3.4910318851470947 5.84157133102417 263.239013671875 20.0 0.0
-109.95711517333984 -3.790907382965088 5.8787994384765625 263.239013671875 20.0 0.0
-110.09178161621094 -4.139195919036865 5.922037601470947 263.239013671875 20.0 0.0
-110.21147918701172 -4.448776721954346 5.960470199584961 263.239013671875 20.0 0.0
-110.34033966064453 -4.782044410705566 6.001843452453613 263.239013671875 20.0 0.0
-110.46448516845703 -5.103121757507324 6.041703224182129 263.239013671875 20.0 0.0
-110.58900451660156 -5.425162315368652 6.0816826820373535 263.239013671875 20.0 0.0
-110.71260833740234 -5.744853496551514 6.121370792388916 263.239013671875 20.0 0.0
-110.83733367919922 -6.0674333572387695 6.161417007446289 263.239013671875 20.0 0.0
-110.96094512939453 -6.387143611907959 6.201107501983643 263.239013671875 20.0 0.0
-111.08464050292969 -6.707066059112549 6.240823745727539 263.239013671875 20.0 0.0
-111.19827270507812 -7.000952243804932 6.277307987213135 263.239013671875 20.0 0.0
-111.30975341796875 -7.35658073425293 6.25225305557251 263.239013671875 20.0 0.0
-111.28687286376953 -7.693719387054443 6.274970054626465 263.239013671875 19.200000762939453 0.0
-111.26453399658203 -8.018548011779785 6.296013355255127 263.239013671875 18.399999618530273 0.0
-111.24200439453125 -8.342029571533203 6.316125392913818 263.239013671875 17.600000381469727 0.0
-111.21687316894531 -8.698466300964355 6.3373517990112305 263.239013671875 16.799999237060547 0.0
-111.19268798828125 -9.037713050842285 6.356661319732666 263.239013671875 16.0 0.0
-111.16879272460938 -9.369271278381348 6.374657154083252 263.239013671875 15.199999809265137 0.0
-111.14347076416016 -9.717171669006348 6.392617225646973 263.239013671875 14.399999618530273 0.0
-111.11893463134766 -10.051143646240234 6.408968925476074 263.239013671875 13.600000381469727 0.0
-111.09307098388672 -10.40003490447998 6.425119400024414 263.239013671875 12.800000190734863 0.0
-111.0698013305664 -10.711298942565918 6.438694000244141 263.239013671875 12.0 0.0
-111.04235076904297 -11.075704574584961 6.453607082366943 263.239013671875 11.199999809265137 0.0
-111.01649475097656 -11.416437149047852 6.466633319854736 263.239013671875 10.399999618530273 0.0
-110.99114990234375 -11.748329162597656 6.478425025939941 263.239013671875 9.600000381469727 0.0
-110.96526336669922 -12.08523941040039 6.489482402801514 263.239013671875 8.800000190734863 0.0
-110.93842315673828 -12.432574272155762 6.499939441680908 263.239013671875 8.0 0.0
-110.9149169921875 -12.7351655960083 6.50822639465332 263.239013671875 7.199999809265137 0.0
-110.88663482666016 -13.097636222839355 6.517165660858154 263.239013671875 6.400000095367432 0.0
-110.86107635498047 -13.423812866210938 6.524319648742676 263.239013671875 5.599999904632568 0.0
-110.83448028564453 -13.761955261230469 6.5308122634887695 263.239013671875 4.800000190734863 0.0
-110.80684661865234 -14.112224578857422 6.536579132080078 263.239013671875 4.0 0.0
-110.7793960571289 -14.459309577941895 6.541342735290527 263.239013671875 3.200000047683716 0.0
-110.75421142578125 -14.777044296264648 6.544832229614258 263.239013671875 2.4000000953674316 0.0
-110.72599029541016 -15.132518768310547 6.547760963439941 263.239013671875 1.600000023841858 0.0
-110.70020294189453 -15.456950187683105 6.549543380737305 263.239013671875 0.800000011920929 0.0
-110.67195129394531 -15.812166213989258 6.550518989562988 263.239013671875 1.1102230246251565e-15 0.0
-110.64515686035156 -16.149003982543945 6.550518989562988 263.239013671875 -0.800000011920929 0.0
-110.61829376220703 -16.48675537109375 6.549591064453125 263.239013671875 -1.600000023841858 0.0
-110.59121704101562 -16.827411651611328 6.547719955444336 263.239013671875 -2.4000000953674316 0.0
-110.56346130371094 -17.177011489868164 6.544839859008789 263.239013671875 -3.200000047683716 0.0
-110.53681945800781 -17.513227462768555 6.541147232055664 263.239013671875 -4.0 0.0
-110.50975799560547 -17.85537338256836 6.53645133972168 263.239013671875 -4.800000190734863 0.0
-110.48395538330078 -18.182506561279297 6.531065464019775 263.239013671875 -5.599999904632568 0.0
-110.45734405517578 -18.520893096923828 6.524568557739258 263.239013671875 -6.400000095367432 0.0
-110.43032836914062 -18.865713119506836 6.517005443572998 263.239013671875 -7.199999809265137 0.0
-110.40552520751953 -19.183584213256836 6.509166240692139 263.239013671875 -8.0 0.0
-110.37821197509766 -19.53528594970703 6.4995341300964355 263.239013671875 -8.800000190734863 0.0
-110.35162353515625 -19.87930679321289 6.489177227020264 263.239013671875 -9.600000381469727 0.0
-110.32611083984375 -20.211259841918945 6.478282451629639 263.239013671875 -10.399999618530273 0.0
-110.29975128173828 -20.556303024291992 6.466023921966553 263.239013671875 -11.199999809265137 0.0
-110.27421569824219 -20.892850875854492 6.453157901763916 263.239013671875 -12.0 0.0
-110.24842071533203 -21.235248565673828 6.439145565032959 263.239013671875 -12.800000190734863 0.0
-110.22332000732422 -21.57099723815918 6.424502849578857 263.239013671875 -13.600000381469727 0.0
-110.19811248779297 -21.911029815673828 6.408762454986572 263.239013671875 -14.399999618530273 0.0
-110.17327880859375 -22.249065399169922 6.392211437225342 263.239013671875 -15.199999809265137 0.0
-110.14903259277344 -22.582258224487305 6.375010967254639 263.239013671875 -16.0 0.0
-110.12384033203125 -22.931795120239258 6.356039524078369 263.239013671875 -16.799999237060547 0.0
-110.10035705566406 -23.26119041442871 6.3372907638549805 263.239013671875 -17.600000381469727 0.0
-110.07655334472656 -23.598838806152344 6.317183017730713 263.239013671875 -18.399999618530273 0.0
-110.03851318359375 -23.938623428344727 6.296144485473633 265.73846435546875 -19.200000762939453 0.0
-109.98861694335938 -24.26302719116211 6.275091648101807 268.1390686035156 -20.0 0.0
-109.92033386230469 -24.60642433166504 6.251742839813232 270.6991271972656 -20.0 0.0
-109.83566284179688 -24.950284957885742 6.228128433227539 273.28826904296875 -20.0 0.0
-109.74102020263672 -25.27382469177246 6.205641269683838 275.7538146972656 -20.0 0.0
-109.63578033447266 -25.5846004486084 6.183749198913574 278.15411376953125 -20.0 0.0
-109.51333618164062 -25.900558471679688 6.1611456871032715 280.6324157714844 -20.0 0.0
-109.36822509765625 -26.229503631591797 6.137174129486084 283.2607116699219 -20.0 0.0
-109.21517944335938 -26.538734436035156 6.114161491394043 285.78387451171875 -20.0 0.0
-109.05207061767578 -26.835302352905273 6.091584205627441 288.25933837890625 -20.0 0.0
-108.87651062011719 -27.124237060546875 6.069031238555908 290.7320861816406 -20.0 0.0
-108.67528533935547 -27.423553466796875 6.044984340667725 293.3686218261719 -20.0 0.0
-108.4723892211914 -27.698577880859375 6.022188186645508 295.8680725097656 -20.0 0.0
-108.26275634765625 -27.958723068237305 5.999899387359619 298.3118591308594 -20.0 0.0
-108.0384750366211 -28.213611602783203 5.977252006530762 300.7949523925781 -20.0 0.0
-107.81547546386719 -28.466215133666992 5.954599380493164 300.7949523925781 -20.0 0.0
-107.59355926513672 -28.71758460998535 5.9320573806762695 300.7949523925781 -20.0 0.0
-107.3769760131836 -28.962913513183594 5.910057067871094 300.7949523925781 -20.0 0.0
-107.1437759399414 -29.227067947387695 5.886368751525879 300.7949523925781 -20.0 0.0
-106.91912841796875 -29.48153305053711 5.86354923248291 300.7949523925781 -20.0 0.0
-106.70034790039062 -29.729347229003906 5.8413262367248535 300.7949523925781 -20.0 0.0
-106.4692153930664 -29.991151809692383 5.8178486824035645 300.7949523925781 -20.0 0.0
-106.2459945678711 -30.243999481201172 5.7951741218566895 300.7949523925781 -20.0 0.0
-106.02626037597656 -30.492895126342773 5.772853851318359 300.7949523925781 -20.0 0.0
-105.80838775634766 -30.739686965942383 5.750722408294678 300.7949523925781 -20.0 0.0
-105.5792465209961 -30.999248504638672 5.72744607925415 300.7949523925781 -20.0 0.0
-105.34622955322266 -31.2631893157959 5.703776836395264 300.7949523925781 -20.0 0.0
-105.1274642944336 -31.510988235473633 5.681555271148682 300.7949523925781 -20.0 0.0
-104.89369201660156 -31.775781631469727 5.657809257507324 300.7949523925781 -20.0 0.0
-104.66903686523438 -32.0302619934082 5.634988307952881 300.7949523925781 -20.0 0.0
-104.45520782470703 -32.27247619628906 5.613267421722412 300.7949523925781 -20.0 0.0
-104.2256851196289 -32.53246307373047 5.58995246887207 300.7949523925781 -20.0 0.0
-103.9994125366211 -32.78877639770508 5.566967487335205 300.7949523925781 -20.0 0.0
-103.77589416503906 -33.041961669921875 5.544262886047363 300.7949523925781 -20.0 0.0
-103.54966735839844 -33.298213958740234 5.521283149719238 300.7949523925781 -20.0 0.0
-103.32948303222656 -33.54761505126953 5.498917579650879 300.7949523925781 -20.0 0.0
-103.107421875 -33.79914855957031 5.47636079788208 300.7949523925781 -20.0 0.0
-102.87773895263672 -34.05931854248047 5.453029632568359 300.7949523925781 -20.0 0.0
-102.66426849365234 -34.30112075805664 5.431345462799072 300.7949523925781 -20.0 0.0
-102.42317199707031 -34.574214935302734 5.406855583190918 300.7949523925781 -20.0 0.0
-102.20034790039062 -34.82660675048828 5.384222030639648 300.7949523925781 -20.0 0.0
-101.98526000976562 -35.07024002075195 5.3623738288879395 300.7949523925781 -20.0 0.0
-101.75106048583984 -35.33552169799805 5.3385844230651855 300.7949523925781 -20.0 0.0
-101.52532196044922 -35.591224670410156 5.3156538009643555 300.7949523925781 -20.0 0.0
-101.31792449951172 -35.826148986816406 5.294586658477783 300.7949523925781 -20.0 0.0
-101.0938949584961 -36.07991409301758 5.271830081939697 300.7949523925781 -20.0 0.0
-100.8581771850586 -36.346920013427734 5.247885704040527 300.7949523925781 -20.0 0.0
-100.628662109375 -36.60689163208008 5.22457218170166 300.7949523925781 -20.0 0.0
-100.38230895996094 -36.8625602722168 5.200897693634033 303.3907165527344 -20.0 0.0
-100.14791107177734 -37.086421966552734 5.179269790649414 305.7620544433594 -20.0 0.0
-99.90132141113281 -37.30293273925781 5.157374858856201 308.16265869140625 -20.0 0.0
-99.61898803710938 -37.52872848510742 5.133272171020508 310.80535888671875 -20.0 0.0
-99.3421630859375 -37.73088073730469 5.110408782958984 313.3121643066406 -20.0 0.0
-99.05176544189453 -37.92375183105469 5.087159633636475 315.86126708984375 -20.0 0.0
-98.7704086303711 -38.0940055847168 5.065218448638916 318.2669677734375 -20.0 0.0
-98.46723937988281 -38.25969696044922 5.042175769805908 320.7934265136719 -20.0 0.0
-98.1635513305664 -38.409000396728516 5.019602298736572 323.2684326171875 -20.0 0.0
-97.82781219482422 -38.530574798583984 5.060624122619629 325.84228515625 -20.0 0.0
-97.51870727539062 -38.64173889160156 5.098659992218018 325.84228515625 -20.0 0.0
-97.20816040039062 -38.75341796875 5.1368727684021 325.84228515625 -20.0 0.0
-96.85977172851562 -38.87870788574219 5.179742813110352 325.84228515625 -20.0 0.0
-96.54483795166016 -38.991966247558594 5.218495845794678 325.84228515625 -20.0 0.0
-96.23345947265625 -39.103946685791016 5.256811141967773 325.84228515625 -20.0 0.0
-95.84562683105469 -39.24342346191406 5.304534435272217 325.84228515625 -20.0 0.0
-95.56468963623047 -39.34445571899414 5.339103698730469 325.84228515625 -20.0 0.0
-95.26848602294922 -39.45097732543945 5.375552177429199 325.84228515625 -20.0 0.0
-94.95040130615234 -39.56536865234375 5.4146928787231445 325.84228515625 -20.0 0.0
-94.50426483154297 -39.72581100463867 5.469590187072754 325.84228515625 -20.0 0.0
-94.2720947265625 -39.80930709838867 5.498158931732178 325.84228515625 -20.0 0.0
-93.95548248291016 -39.92316818237305 5.537117958068848 325.84228515625 -20.0 0.0
-93.61848449707031 -40.04436492919922 5.578587055206299 325.84228515625 -20.0 0.0
-93.29729461669922 -40.159873962402344 5.618109703063965 325.84228515625 -20.0 0.0
-92.97737884521484 -40.27492141723633 5.657474994659424 325.84228515625 -20.0 0.0
-92.58622741699219 -40.41558837890625 5.705606937408447 325.84228515625 -20.0 0.0
-92.33614349365234 -40.50552749633789 5.736379623413086 325.84228515625 -20.0 0.0
-92.02809143066406 -40.61631393432617 5.774286270141602 325.84228515625 -20.0 0.0
-91.68885040283203 -40.73831558227539 5.816030025482178 325.84228515625 -20.0 0.0
-91.36610412597656 -40.8543815612793 5.855744361877441 325.84228515625 -20.0 0.0
-91.04281616210938 -40.970645904541016 5.8955254554748535 325.84228515625 -20.0 0.0
-90.71847534179688 -41.08728790283203 5.935435771942139 325.84228515625 -20.0 0.0
-90.39462280273438 -41.20375442504883 5.97528600692749 325.84228515625 -20.0 0.0
-90.06465148925781 -41.32242202758789 6.015889644622803 325.84228515625 -20.0 0.0
-89.73905181884766 -41.43951416015625 6.055954933166504 325.84228515625 -20.0 0.0
-89.41401672363281 -41.5564079284668 6.095951080322266 325.84228515625 -20.0 0.0
-89.11544036865234 -41.663780212402344 6.132691383361816 325.84228515625 -20.0 0.0
-88.77538299560547 -41.786075592041016 6.174535751342773 325.84228515625 -20.0 0.0
-88.44414520263672 -41.90519714355469 6.215294361114502 325.84228515625 -20.0 0.0
-88.11731719970703 -42.02273178100586 6.255510330200195 325.84228515625 -20.0 0.0
-87.80125427246094 -42.13639831542969 6.294402122497559 325.84228515625 -20.0 0.0
-87.47281646728516 -42.254512786865234 6.3348164558410645 325.84228515625 -20.0 0.0
-87.14185333251953 -42.373538970947266 6.375541687011719 325.84228515625 -20.0 0.0
-86.84026336669922 -42.481998443603516 6.412652015686035 325.84228515625 -20.0 0.0
-86.49925994873047 -42.60463333129883 6.454613208770752 325.84228515625 -20.0 0.0
-86.20201110839844 -42.71153259277344 6.4911909103393555 325.84228515625 -20.0 0.0
-85.8609848022461 -42.83417510986328 6.533154487609863 325.84228515625 -20.0 0.0
-85.54379272460938 -42.9482421875 6.572185039520264 325.84228515625 -20.0 0.0
-85.20307159423828 -43.07077407836914 6.614110469818115 325.84228515625 -20.0 0.0
-84.8819580078125 -43.186256408691406 6.653623580932617 325.84228515625 -20.0 0.0
-84.56624603271484 -43.29979705810547 6.692472457885742 325.84228515625 -20.0 0.0
-84.25830841064453 -43.41053771972656 6.730364799499512 325.84228515625 -20.0 0.0
-83.92273712158203 -43.53121566772461 6.771656513214111 325.84228515625 -20.0 0.0
-83.61872100830078 -43.663490295410156 6.749367713928223 325.84228515625 -20.0 0.0
-83.28071594238281 -43.79302215576172 6.7252349853515625 328.48828125 -20.0 0.0
-82.97875213623047 -43.8947868347168 6.703969478607178 330.81988525390625 -20.0 0.0
-82.64877319335938 -43.990150451660156 6.681059837341309 333.331787109375 -20.0 0.0
-82.29618072509766 -44.07463455200195 6.656887054443359 335.9821472167969 -20.0 0.0
-81.95265197753906 -44.140865325927734 6.633555889129639 338.5402526855469 -20.0 0.0
-81.61686706542969 -44.190608978271484 6.610912799835205 341.02288818359375 -20.0 0.0
-81.27643585205078 -44.22593688964844 6.588083744049072 343.52593994140625 -20.0 0.0
-80.94187927246094 -44.24623107910156 6.565723896026611 345.9775390625 -20.0 0.0
-80.5988998413086 -44.25200653076172 6.542844295501709 348.48614501953125 -20.0 0.0
-80.27879333496094 -44.24427032470703 6.5214762687683105 350.8290100097656 -20.0 0.0
-79.9248275756836 -44.21971130371094 6.497816562652588 353.423095703125 -20.0 0.0
-79.56318664550781 -44.194000244140625 6.473443031311035 353.423095703125 -20.0 0.0
-79.2549057006836 -44.172080993652344 6.45266580581665 353.423095703125 -20.0 0.0
-78.90001678466797 -44.1468505859375 6.428747653961182 353.423095703125 -20.0 0.0
-78.56179809570312 -44.122802734375 6.4059529304504395 353.423095703125 -20.0 0.0
-78.24678039550781 -44.10040283203125 6.384721755981445 353.423095703125 -20.0 0.0
-77.91986846923828 -44.0771598815918 6.362689018249512 353.423095703125 -20.0 0.0
-77.55538177490234 -44.051246643066406 6.338123798370361 353.423095703125 -20.0 0.0
-77.21170043945312 -44.02680969238281 6.314960956573486 353.423095703125 -20.0 0.0
-76.89566040039062 -44.004337310791016 6.293661117553711 353.423095703125 -20.0 0.0
-76.540771484375 -43.97910690307617 6.269742965698242 353.423095703125 -20.0 0.0
-76.201904296875 -43.955013275146484 6.246904373168945 353.423095703125 -20.0 0.0
-75.86421203613281 -43.93100357055664 6.22414493560791 353.423095703125 -20.0 0.0
-75.52381896972656 -43.906803131103516 6.2012038230896 353.423095703125 -20.0 0.0
-75.18746948242188 -43.88288497924805 6.178534507751465 353.423095703125 -20.0 0.0
-74.84742736816406 -43.858707427978516 6.155616283416748 353.423095703125 -20.0 0.0
-74.50869750976562 -43.834625244140625 6.132787227630615 353.423095703125 -20.0 0.0
-74.1720199584961 -43.81068801879883 6.110096454620361 353.423095703125 -20.0 0.0
-73.83365631103516 -43.78662872314453 6.087291717529297 353.423095703125 -20.0 0.0
-73.51258850097656 -43.763797760009766 6.065652847290039 353.423095703125 -20.0 0.0
-73.15640258789062 -43.73847198486328 6.041646957397461 353.423095703125 -20.0 0.0
-72.82929229736328 -43.715213775634766 6.0196003913879395 353.423095703125 -20.0 0.0
-72.47014617919922 -43.68967819213867 5.995394706726074 353.423095703125 -20.0 0.0
-72.1470718383789 -43.666709899902344 5.973620414733887 353.423095703125 -20.0 0.0
-71.80408477783203 -43.6423225402832 5.950503826141357 353.423095703125 -20.0 0.0
-71.48131561279297 -43.6193733215332 5.928750038146973 353.423095703125 -20.0 0.0
-71.14286804199219 -43.59531021118164 5.905940055847168 353.423095703125 -20.0 0.0
-70.79051971435547 -43.57025909423828 5.882193088531494 353.423095703125 -20.0 0.0
-70.37177276611328 -43.54048538208008 5.853971004486084 353.423095703125 -20.0 0.0
-70.12313079833984 -43.52280807495117 5.837213516235352 353.423095703125 -20.0 0.0
-69.7669677734375 -43.49748229980469 5.813209056854248 353.423095703125 -20.0 0.0
-69.42823791503906 -43.4734001159668 5.790380001068115 353.423095703125 -20.0 0.0
-69.11527252197266 -43.451148986816406 5.769287109375 353.423095703125 -20.0 0.0
-68.74861907958984 -43.425079345703125 5.744575500488281 353.423095703125 -20.0 0.0
-68.41304016113281 -43.401222229003906 5.721958160400391 353.423095703125 -20.0 0.0
-68.10001373291016 -43.378963470458984 5.700860977172852 353.423095703125 -20.0 0.0
-67.76905822753906 -43.35543441772461 5.678555965423584 353.423095703125 -20.0 0.0
-67.40491485595703 -43.32954025268555 5.6540141105651855 353.423095703125 -20.0 0.0
-67.06739044189453 -43.3055419921875 5.631265640258789 353.423095703125 -20.0 0.0
-66.73048400878906 -43.28158950805664 5.608559608459473 353.423095703125 -20.0 0.0
-66.40653228759766 -43.25855255126953 5.586726188659668 353.423095703125 -20.0 0.0
-66.0421371459961 -43.21609115600586 5.562270164489746 356.1044921875 -20.0 0.0
-65.73800659179688 -43.16836929321289 5.541720390319824 358.3576354980469 -20.0 0.0
-65.40069580078125 -43.100215911865234 5.518768310546875 360.8741760253906 -20.0 0.0
-65.06420135498047 -43.01658248901367 5.495643615722656 363.4096374511719 -20.0 0.0
-64.73661041259766 -42.9198112487793 5.4728593826293945 365.9077453613281 -20.0 0.0
-64.38801574707031 -42.79878616333008 5.448261260986328 368.604736328125 -20.0 0.0
-64.08529663085938 -42.679298400878906 5.4265456199646 370.9856872558594 -20.0 0.0
-63.790130615234375 -42.54847717285156 5.405001163482666 373.347900390625 -20.0 0.0
-62.19163131713867 -41.32426834106445 5.275304317474365 387.5682067871094 -20.0 0.0
-62.09690856933594 -41.247352600097656 5.267124652862549 388.4650573730469 -20.0 0.0
-61.588096618652344 -40.7554931640625 5.220303535461426 393.5986633300781 -20.0 0.0
-61.365291595458984 -40.52052307128906 5.198696136474609 395.9677734375 -20.0 0.0
-61.142051696777344 -40.26365280151367 5.175995349884033 398.45672607421875 -20.0 0.0
-60.931861877441406 -39.9996337890625 5.1534833908081055 400.92498779296875 -20.0 0.0
-60.73578643798828 -39.730628967285156 5.131275177001953 403.35992431640625 -20.0 0.0
-60.54899597167969 -39.4497184753418 5.108771800994873 405.8272705078125 -20.0 0.0
-60.359344482421875 -39.16350173950195 5.085689544677734 405.8272705078125 -20.0 0.0
-60.168312072753906 -38.87519836425781 5.06243896484375 405.8272705078125 -20.0 0.0
-59.98135757446289 -38.59305191040039 5.039685249328613 405.8272705078125 -20.0 0.0
-59.79794692993164 -38.31624984741211 5.017362117767334 405.8272705078125 -20.0 0.0
-59.600101470947266 -38.01766586303711 4.993282318115234 405.8272705078125 -20.0 0.0
-59.402549743652344 -37.71952438354492 4.96923828125 405.8272705078125 -20.0 0.0
-59.222679138183594 -37.44806671142578 4.947346210479736 405.8272705078125 -20.0 0.0
-59.037437438964844 -37.16849899291992 4.924800395965576 405.8272705078125 -20.0 0.0
-58.832645416259766 -36.859432220458984 4.899875164031982 405.8272705078125 -20.0 0.0
-58.65330505371094 -36.58877182006836 4.878047466278076 405.8272705078125 -20.0 0.0
-58.48240280151367 -36.33085250854492 4.857247352600098 405.8272705078125 -20.0 0.0
-58.29438018798828 -36.047096252441406 4.8343634605407715 405.8272705078125 -20.0 0.0
-58.10934829711914 -35.767852783203125 4.811843395233154 405.8272705078125 -20.0 0.0
-57.92057418823242 -35.48295974731445 4.788867950439453 405.8272705078125 -20.0 0.0
-57.73036193847656 -35.195892333984375 4.765717506408691 405.8272705078125 -20.0 0.0
-57.542354583740234 -34.91215133666992 4.74283504486084 405.8272705078125 -20.0 0.0
-57.356414794921875 -34.63153076171875 4.7202043533325195 405.8272705078125 -20.0 0.0
-57.05284118652344 -34.41751480102539 4.745174407958984 405.8272705078125 -19.200000762939453 0.0
-56.727664947509766 -34.1887092590332 4.770872116088867 405.8272705078125 -18.399999618530273 0.0
-56.52024841308594 -34.04302978515625 4.786592483520508 405.8272705078125 -17.600000381469727 0.0
-56.176353454589844 -33.80192947387695 4.811541557312012 405.8272705078125 -16.799999237060547 0.0
-55.89767837524414 -33.60688400268555 4.830853462219238 405.8272705078125 -16.0 0.0
-55.614776611328125 -33.40919876098633 4.849537372589111 405.8272705078125 -15.199999809265137 0.0
-55.33433151245117 -33.213531494140625 4.8671441078186035 405.8272705078125 -14.399999618530273 0.0
-55.13467025756836 -33.074432373046875 4.879026412963867 405.8272705078125 -13.600000381469727 0.0
-54.84016036987305 -32.86954116821289 4.8955888748168945 405.8272705078125 -12.800000190734863 0.0
-54.49946975708008 -32.63283157348633 4.913630962371826 405.8272705078125 -12.0 0.0
-54.284027099609375 -32.48332595825195 4.924332618713379 405.8272705078125 -11.199999809265137 0.0
-54.00452423095703 -32.28959274291992 4.937296390533447 405.8272705078125 -10.399999618530273 0.0
-53.727691650390625 -32.09791946411133 4.949224472045898 405.8272705078125 -9.600000381469727 0.0
-53.460723876953125 -31.913253784179688 4.9598469734191895 405.8272705078125 -8.800000190734863 0.0
-53.175537109375 -31.716171264648438 4.970252513885498 405.8272705078125 -8.0 0.0
-52.827369689941406 -31.475767135620117 4.981804847717285 405.8272705078125 -7.199999809265137 0.0
-52.544124603271484 -31.28034019470215 4.990265846252441 405.8272705078125 -6.400000095367432 0.0
-52.32868957519531 -31.131799697875977 4.995987892150879 405.8272705078125 -5.599999904632568 0.0
-52.06003952026367 -30.94667625427246 5.002233028411865 405.8272705078125 -4.800000190734863 0.0
-51.76828384399414 -30.74574089050293 5.008047103881836 405.8272705078125 -4.0 0.0
-51.42609786987305 -30.510175704956055 5.013731002807617 405.8272705078125 -3.200000047683716 0.0
-51.2085075378418 -30.360437393188477 5.016622543334961 405.8272705078125 -2.4000000953674316 0.0
-50.93256759643555 -30.17059898376465 5.019373416900635 405.8272705078125 -1.600000023841858 0.0
-50.64625549316406 -29.973663330078125 5.021276473999023 405.8272705078125 -0.800000011920929 0.0
-50.30107879638672 -29.736265182495117 5.02242374420166 405.8272705078125 1.5543122344752192e-15 0.0
-50.085899353027344 -29.588281631469727 5.02242374420166 405.8272705078125 0.800000011920929 0.0
-49.808597564697266 -29.397565841674805 5.0215020179748535 405.8272705078125 1.600000023841858 0.0
-49.52769470214844 -29.2043514251709 5.019635200500488 405.8272705078125 2.4000000953674316 0.0
-49.2496223449707 -29.013046264648438 5.0168633460998535 405.8272705078125 3.200000047683716 0.0
-48.967567443847656 -28.818944931030273 5.013114929199219 405.8272705078125 4.0 0.0
-48.6218376159668 -28.58094024658203 5.0073723793029785 405.8272705078125 4.800000190734863 0.0
-48.40581512451172 -28.432161331176758 5.003067493438721 405.8272705078125 5.599999904632568 0.0
-48.12520980834961 -28.238800048828125 4.99654483795166 405.8272705078125 6.400000095367432 0.0
-47.848167419433594 -28.047779083251953 4.989186763763428 405.8272705078125 7.199999809265137 0.0
-47.50336456298828 -27.809877395629883 4.97888708114624 405.8272705078125 8.0 0.0
-47.221923828125 -27.615543365478516 4.96954870223999 405.8272705078125 8.800000190734863 0.0
-47.00754928588867 -27.467395782470703 4.961726665496826 405.8272705078125 9.600000381469727 0.0
-46.73177719116211 -27.276643753051758 4.950754165649414 405.8272705078125 10.399999618530273 0.0
-46.68301010131836 -27.32402229309082 4.938275337219238 405.8272705078125 11.199999809265137 0.0
-46.637046813964844 -27.368677139282227 4.925586223602295 405.8272705078125 12.0 0.0
-46.590240478515625 -27.41415023803711 4.911715030670166 405.8272705078125 12.800000190734863 0.0
-46.590240478515625 -27.41415023803711 4.911715030670166 405.8272705078125 12.0 0.0
-46.590240478515625 -27.41415023803711 4.911715030670166 405.8272705078125 11.199999809265137 0.0
-46.590240478515625 -27.41415023803711 4.911715030670166 405.8272705078125 10.399999618530273 0.0
-46.590240478515625 -27.41415023803711 4.911715030670166 405.8272705078125 9.600000381469727 0.0
-46.590240478515625 -27.41415023803711 4.911715030670166 405.8272705078125 8.800000190734863 0.0
-46.590240478515625 -27.41415023803711 4.911715030670166 405.8272705078125 8.0 0.0
-46.590240478515625 -27.41415023803711 4.911715030670166 405.8272705078125 7.199999809265137 0.0
-46.590240478515625 -27.41415023803711 4.911715030670166 405.8272705078125 6.400000095367432 0.0
-46.590240478515625 -27.41415023803711 4.911715030670166 405.8272705078125 5.599999904632568 0.0
-46.590240478515625 -27.41415023803711 4.911715030670166 405.8272705078125 4.800000190734863 0.0
-46.590240478515625 -27.41415023803711 4.911715030670166 405.8272705078125 4.0 0.0
-46.590240478515625 -27.41415023803711 4.911715030670166 405.8272705078125 3.200000047683716 0.0
-46.590240478515625 -27.41415023803711 4.911715030670166 405.8272705078125 2.4000000953674316 0.0
-46.590240478515625 -27.41415023803711 4.911715030670166 405.8272705078125 1.600000023841858 0.0
-46.590240478515625 -27.41415023803711 4.911715030670166 405.8272705078125 0.800000011920929 0.0
-46.590240478515625 -27.41415023803711 4.911715030670166 405.8272705078125 2.886579864025407e-15 0.0
-46.590240478515625 -27.41415023803711 4.911715030670166 405.8272705078125 2.886579864025407e-15 0.0
-46.590240478515625 -27.41415023803711 4.911715030670166 405.8272705078125 2.886579864025407e-15 0.0
-46.590240478515625 -27.41415023803711 4.911715030670166 405.8272705078125 2.886579864025407e-15 0.0
